$SPEC_ID:
Test collimated
$SPEC_REM:
DET# 4
DETDESC# PHY-NUCLAB MCB 129
AP# Maestro Version 7.01
$DATE_MEA:
02/21/2023 10:02:58
$MEAS_TIM:
58 59
$DATA:
0 2047
       0
       0
       0
       0
       0
       0
       0
       0
       0
       0
       0
       0
       0
       0
       0
       0
       0
       0
       0
    3330
    7844
    4410
    2370
    1169
     622
     344
     195
     146
     143
     140
     127
     139
     175
     172
     185
     162
     189
     159
     166
     152
     144
     132
     130
     119
     101
      92
      89
      72
      66
      57
      62
      64
      43
      48
      56
      62
      56
      61
      64
      58
      55
      63
      62
      63
      67
      66
      69
      57
      72
      78
      78
      76
      84
      88
      81
      85
      91
      75
      95
      92
      77
      78
      98
     101
      97
      92
      88
      97
      94
      91
      90
      99
      90
      81
      84
      82
      82
      83
      84
      88
      78
      72
      91
      83
      88
      92
      78
      81
      86
      80
      88
      82
      80
      83
      80
      84
      75
      69
      74
      77
      77
      70
      89
      95
     108
      71
      80
      57
      71
      73
      74
      84
      78
      72
      75
      76
      84
      82
      88
      82
      81
      58
      77
      71
      64
      63
      94
      59
      75
      84
      77
      74
      74
      53
      69
      75
      67
      76
      80
      84
      68
      69
      64
      78
      76
      72
      70
      82
      88
      80
      68
      79
      79
      61
      55
      75
      89
      70
      50
      73
      83
      78
      80
      70
      74
      99
      86
      91
      68
      78
      78
      82
      85
      64
      91
      84
      82
      71
      90
      77
      81
      84
      80
      68
      99
      66
      81
      86
      71
      67
      53
      71
      67
      88
      78
      62
      81
      63
      84
      71
      59
      57
      71
      72
      70
      65
      71
      71
      68
      64
      54
      54
      57
      57
      62
      63
      58
      67
      59
      52
      58
      50
      54
      50
      59
      51
      63
      44
      58
      64
      53
      45
      45
      46
      49
      40
      44
      54
      54
      54
      44
      46
      51
      60
      49
      47
      54
      46
      45
      48
      48
      35
      33
      53
      42
      44
      51
      61
      47
      51
      45
      41
      54
      36
      31
      34
      46
      46
      47
      31
      57
      46
      49
      47
      40
      34
      41
      40
      36
      36
      46
      39
      35
      39
      53
      34
      45
      30
      48
      51
      48
      43
      39
      41
      37
      42
      64
      43
      40
      41
      36
      42
      43
      60
      45
      40
      40
      44
      49
      48
      34
      41
      24
      28
      39
      37
      39
      48
      42
      42
      44
      39
      45
      43
      29
      31
      28
      35
      39
      51
      48
      45
      49
      44
      46
      38
      42
      47
      45
      26
      38
      34
      39
      35
      41
      33
      46
      44
      39
      29
      38
      41
      29
      40
      42
      41
      36
      30
      45
      41
      30
      41
      34
      29
      39
      47
      44
      31
      32
      41
      31
      28
      35
      32
      36
      50
      46
      35
      34
      43
      33
      44
      30
      36
      34
      41
      33
      35
      36
      51
      37
      39
      42
      35
      29
      43
      38
      46
      35
      42
      34
      40
      43
      44
      33
      34
      39
      29
      34
      31
      39
      39
      50
      31
      39
      24
      30
      35
      29
      31
      32
      35
      42
      28
      17
      37
      27
      24
      31
      33
      22
      19
      15
      25
      23
      19
      17
      19
      21
      28
      15
      20
      15
      14
      21
      21
      16
      16
      18
      19
      11
      17
      26
      20
      18
      20
      12
      18
      13
      10
      11
       9
      17
      16
      10
      11
      19
      14
      11
      13
      22
      14
       7
       9
      10
      16
       9
       8
      13
      11
      12
      13
       7
      12
       9
      15
       8
      16
      10
       9
       3
      11
       9
      10
      11
       8
      11
      11
       8
      12
       3
      10
      10
       8
       4
       7
       9
      11
      13
       8
       6
       6
       6
       7
       9
       5
       9
      10
       6
      11
      10
       9
      11
       7
       5
       2
       5
       5
       9
       6
       7
      13
       5
       5
       5
      10
       8
       2
       6
       9
       8
       5
       9
      11
       8
       3
       7
       7
       7
       9
       9
       9
       6
      12
      15
      14
      10
      13
      11
      11
      11
      16
      11
      21
      16
      14
      14
      24
      25
      35
      29
      29
      30
      47
      38
      39
      49
      49
      53
      66
      74
      65
      71
      75
      84
      78
     104
     110
     112
     115
     123
     111
     173
     131
     170
     163
     167
     163
     183
     169
     170
     202
     211
     201
     189
     223
     204
     205
     198
     203
     209
     215
     200
     206
     199
     192
     196
     213
     186
     175
     186
     201
     157
     185
     156
     150
     144
     133
     124
     120
     109
     102
      86
      85
      82
      79
      57
      56
      53
      71
      33
      41
      32
      30
      31
      30
      20
      21
      17
      13
      12
       8
      10
      13
      11
       7
       7
       3
       5
       8
       7
       9
       6
       2
       5
       6
       4
       4
       4
       2
       3
       3
       2
       0
       4
       1
       4
       3
       2
       2
       5
       0
       3
       2
       0
       2
       2
       1
       3
       1
       6
       1
       0
       3
       4
       3
       1
       4
       0
       3
       1
       2
       1
       2
       2
       4
       0
       0
       1
       2
       2
       2
       2
       3
       1
       1
       0
       2
       2
       2
       0
       2
       4
       1
       0
       2
       2
       0
       2
       2
       1
       2
       0
       1
       1
       2
       4
       1
       3
       2
       3
       2
       1
       1
       2
       1
       0
       2
       0
       0
       0
       1
       0
       0
       3
       4
       1
       1
       0
       1
       0
       3
       0
       0
       0
       2
       1
       3
       1
       2
       0
       1
       1
       0
       3
       3
       2
       1
       1
       1
       1
       1
       2
       1
       0
       0
       2
       2
       0
       0
       1
       2
       1
       0
       2
       4
       2
       1
       0
       1
       2
       4
       3
       0
       1
       0
       0
       2
       1
       3
       0
       0
       0
       2
       1
       2
       1
       0
       1
       1
       1
       0
       0
       1
       0
       3
       2
       2
       1
       1
       2
       2
       1
       0
       0
       5
       1
       1
       0
       4
       1
       4
       3
       2
       1
       5
       1
       1
       1
       2
       2
       0
       0
       1
       0
       3
       1
       1
       1
       0
       0
       2
       0
       2
       1
       3
       3
       1
       2
       0
       2
       3
       3
       1
       1
       2
       2
       1
       0
       1
       1
       1
       2
       3
       1
       4
       3
       2
       1
       2
       4
       1
       1
       1
       2
       2
       0
       1
       0
       2
       0
       0
       1
       0
       1
       0
       2
       1
       1
       1
       2
       0
       0
       0
       2
       2
       2
       1
       1
       1
       0
       1
       2
       1
       2
       1
       2
       1
       3
       4
       2
       0
       2
       2
       1
       2
       1
       2
       1
       1
       0
       1
       1
       0
       1
       0
       0
       1
       2
       2
       1
       2
       1
       1
       3
       1
       2
       2
       1
       1
       2
       0
       0
       2
       0
       1
       3
       0
       2
       2
       0
       1
       1
       2
       0
       1
       0
       3
       0
       0
       3
       2
       3
       1
       1
       1
       2
       0
       0
       3
       0
       1
       1
       2
       0
       1
       3
       1
       0
       1
       2
       2
       2
       0
       4
       0
       2
       0
       0
       2
       0
       2
       3
       0
       1
       1
       1
       0
       0
       1
       1
       3
       2
       1
       0
       1
       1
       0
       2
       4
       2
       1
       3
       4
       1
       2
       4
       0
       3
       4
       2
       2
       2
       4
       3
       1
       1
       2
       0
       0
       1
       3
       1
       2
       2
       0
       1
       2
       1
       2
       1
       1
       1
       2
       3
       2
       2
       1
       3
       3
       3
       1
       3
       3
       1
       1
       2
       0
       1
       1
       0
       0
       4
       2
       4
       0
       0
       2
       1
       2
       2
       1
       2
       2
       1
       1
       2
       1
       0
       0
       1
       0
       2
       2
       1
       0
       0
       0
       0
       2
       1
       0
       1
       0
       2
       0
       0
       1
       0
       1
       0
       3
       0
       0
       0
       4
       0
       0
       0
       1
       0
       0
       0
       1
       0
       1
       1
       1
       0
       3
       0
       1
       0
       1
       2
       1
       1
       1
       1
       0
       0
       1
       0
       0
       0
       1
       0
       1
       1
       1
       1
       1
       2
       1
       2
       1
       3
       1
       0
       0
       2
       1
       1
       1
       1
       3
       1
       2
       0
       1
       3
       2
       2
       3
       2
       3
       2
       0
       0
       4
       4
       2
       3
       3
       0
       3
       2
       0
       3
       3
       4
       9
       4
       7
       0
       4
       3
       4
       4
       6
       1
       2
       5
       5
       4
       4
       1
       2
       1
       2
       0
       1
       1
       2
       3
       2
       2
       2
       2
       0
       2
       1
       2
       2
       1
       0
       0
       2
       0
       1
       0
       0
       2
       1
       0
       0
       0
       0
       1
       0
       0
       0
       2
       1
       0
       0
       0
       1
       0
       0
       3
       1
       0
       0
       0
       0
       0
       0
       0
       0
       0
       1
       0
       0
       0
       0
       0
       0
       0
       0
       0
       2
       0
       1
       3
       0
       0
       0
       0
       0
       1
       0
       1
       0
       1
       0
       2
       1
       0
       0
       2
       1
       1
       0
       1
       0
       0
       0
       0
       0
       0
       1
       1
       1
       0
       2
       1
       0
       1
       0
       0
       0
       1
       0
       2
       1
       2
       0
       0
       0
       0
       0
       0
       0
       1
       0
       1
       0
       2
       1
       0
       0
       2
       0
       1
       0
       0
       1
       0
       1
       1
       0
       0
       0
       0
       3
       0
       0
       0
       0
       0
       0
       0
       0
       1
       0
       0
       0
       0
       0
       0
       0
       0
       0
       0
       0
       2
       0
       0
       0
       0
       1
       2
       0
       0
       0
       1
       0
       0
       0
       1
       0
       0
       0
       0
       0
       0
       0
       1
       0
       0
       0
       0
       1
       0
       0
       0
       2
       1
       1
       0
       0
       1
       1
       1
       0
       0
       0
       1
       3
       1
       0
       0
       1
       2
       0
       1
       0
       0
       0
       0
       0
       1
       0
       0
       0
       0
       0
       1
       0
       0
       1
       1
       1
       0
       1
       0
       1
       0
       1
       0
       0
       0
       0
       0
       0
       0
       0
       0
       1
       0
       0
       0
       0
       0
       0
       0
       0
       0
       0
       0
       0
       0
       0
       1
       0
       0
       0
       0
       0
       0
       0
       0
       0
       0
       0
       0
       0
       1
       1
       0
       0
       0
       0
       0
       0
       0
       0
       0
       0
       0
       0
       0
       0
       0
       1
       1
       0
       1
       1
       2
       0
       3
       1
       0
       0
       0
       1
       0
       1
       0
       1
       2
       0
       0
       2
       2
       1
       0
       0
       1
       1
       0
       0
       0
       0
       0
       0
       0
       0
       0
       0
       0
       0
       0
       0
       0
       0
       0
       0
       0
       0
       0
       0
       0
       0
       0
       0
       0
       0
       0
       0
       0
       0
       0
       0
       0
       0
       0
       0
       0
       0
       0
       0
       0
       0
       0
       0
       0
       0
       0
       0
       0
       0
       0
       0
       0
       0
       0
       0
       0
       0
       0
       0
       0
       0
       0
       0
       0
       0
       0
       0
       0
       0
       0
       0
       0
       0
       0
       0
       0
       0
       0
       0
       0
       0
       0
       0
       0
       0
       0
       0
       0
       0
       0
       0
       0
       0
       0
       0
       0
       0
       0
       0
       0
       0
       0
       0
       0
       0
       0
       0
       0
       0
       0
       0
       0
       0
       0
       0
       0
       0
       0
       0
       0
       0
       0
       0
       0
       0
       1
       0
       0
       0
       0
       0
       0
       0
       0
       0
       0
       0
       0
       0
       0
       0
       0
       0
       0
       0
       0
       0
       0
       0
       0
       0
       0
       0
       0
       0
       0
       0
       0
       0
       0
       0
       0
       0
       0
       0
       0
       0
       0
       0
       0
       0
       0
       0
       0
       0
       0
       0
       0
       0
       0
       1
       0
       0
       0
       0
       0
       0
       0
       0
       0
       0
       0
       0
       0
       0
       0
       0
       0
       0
       0
       0
       0
       0
       0
       0
       0
       0
       0
       0
       0
       0
       0
       0
       0
       0
       0
       0
       0
       0
       0
       0
       0
       0
       0
       0
       0
       0
       0
       0
       0
       0
       0
       0
       0
       0
       0
       0
       0
       0
       0
       0
       0
       0
       0
       0
       0
       0
       0
       0
       0
       0
       0
       0
       0
       0
       0
       0
       0
       0
       0
       0
       0
       0
       0
       0
       0
       1
       0
       1
       0
       0
       0
       0
       0
       0
       0
       0
       0
       0
       0
       0
       1
       0
       0
       0
       0
       0
       0
       0
       0
       0
       0
       0
       0
       0
       0
       0
       0
       0
       0
       0
       0
       0
       0
       0
       0
       0
       0
       0
       0
       0
       0
       0
       0
       0
       0
       0
       0
       1
       0
       0
       0
       0
       0
       0
       1
       0
       0
       0
       0
       0
       0
       0
       0
       0
       0
       0
       0
       0
       0
       0
       0
       0
       0
       0
       0
       0
       0
       0
       0
       2
       0
       0
       0
       1
       1
       1
       0
       0
       1
       0
       0
       0
       0
       0
       0
       0
       0
       0
       0
       1
       0
       1
       0
       0
       0
       0
       0
       1
       0
       0
       1
       0
       0
       0
       0
       0
       1
       2
       1
       1
       0
       0
       0
       0
       1
       1
       1
       0
       2
       0
       1
       2
       1
       0
       0
       0
       0
       0
       0
       0
       1
       0
       0
       0
       0
       0
       0
       0
       0
       0
       0
       0
       0
       0
       0
       0
       0
       0
       0
       0
       0
       0
       0
       0
       0
       0
       0
       0
       0
       0
       0
       0
       0
       0
       0
       0
       0
       0
       0
       0
       0
       0
       0
       0
       0
       0
       0
       0
       0
       0
       0
       0
       0
       0
       0
       0
       0
       0
       0
       0
       0
       0
       0
       0
       0
       0
       0
       0
       0
       0
       0
       0
       0
       0
       0
       0
       0
       0
       0
       0
       0
       0
$ROI:
1
1165 1272
$PRESETS:
None
0
0
$ENER_FIT:
0.000000 1.000000
$MCA_CAL:
3
0.000000E+000 1.000000E+000 0.000000E+000 keV
$SHAPE_CAL:
3
1.000000E+000 0.000000E+000 0.000000E+000
