$SPEC_ID:
Test collimated
$SPEC_REM:
DET# 4
DETDESC# PHY-NUCLAB MCB 129
AP# Maestro Version 7.01
$DATE_MEA:
02/21/2023 10:08:25
$MEAS_TIM:
169 172
$DATA:
0 2047
       0
       0
       0
       0
       0
       0
       0
       0
       0
       0
       0
       0
       0
       0
       0
       1
       0
       1
       0
    9758
   22578
   12464
    6555
    3171
    1556
     847
     409
     183
      98
      61
      50
      43
      44
      36
      37
      32
      42
      42
      49
      40
      43
      38
      45
      47
      46
      40
      46
      49
      51
      42
      52
      53
      77
      54
      56
      57
      72
      62
      69
      69
      68
      80
      74
      86
      87
     102
      90
     101
      90
     122
     121
     120
     128
     117
     127
     117
     144
     139
     138
     155
     169
     147
     161
     165
     139
     166
     158
     160
     183
     153
     155
     151
     148
     134
     149
     161
     162
     175
     157
     135
     121
     160
     135
     150
     150
     144
     138
     147
     148
     135
     163
     145
     137
     127
     152
     126
     131
     158
     143
     146
     157
     167
     137
     156
     145
     120
     147
     156
     136
     126
     140
     117
     146
     172
     131
     141
     149
     124
     149
     119
     132
     137
     132
     112
     127
     115
     131
     141
     124
     132
     133
     112
     126
     119
     123
     111
     120
     117
     118
     101
     111
     121
     100
     102
     123
     126
     100
     126
     112
      95
      98
      87
      99
      95
     106
      99
     104
      94
      98
     100
     103
      96
      82
      92
      83
     108
     107
     101
     110
      96
      94
      91
      97
      95
      88
      83
      80
      87
      90
      84
      91
      81
      83
      92
      71
      56
      73
      67
      82
      66
      74
      72
      86
      69
      83
      89
      84
      91
      91
      89
      84
      81
      63
      73
      70
      73
      82
      58
      63
      58
      67
      77
      80
      50
      59
      68
      58
      83
      62
      70
      68
      74
      66
      74
      60
      67
      62
      56
      51
      44
      51
      69
      50
      58
      47
      44
      40
      46
      37
      47
      62
      58
      55
      45
      48
      45
      53
      55
      49
      39
      37
      46
      35
      38
      40
      41
      50
      38
      43
      35
      48
      41
      37
      35
      31
      43
      46
      44
      38
      51
      36
      40
      28
      43
      39
      34
      40
      43
      36
      36
      42
      33
      35
      22
      36
      40
      33
      31
      34
      33
      35
      28
      32
      33
      33
      45
      27
      29
      31
      45
      33
      27
      30
      37
      35
      26
      30
      33
      28
      36
      25
      41
      28
      28
      23
      33
      19
      31
      27
      36
      26
      27
      40
      20
      31
      25
      25
      23
      29
      23
      18
      29
      37
      22
      22
      22
      26
      38
      19
      26
      25
      21
      26
      22
      25
      22
      19
      20
      18
      19
      17
      24
      25
      16
      17
      17
      25
      18
      35
      18
      24
      12
      36
      24
      17
      12
      19
      13
      26
      16
      15
       9
      14
      21
      17
      20
      25
      11
      17
      19
      19
      24
      25
      20
      12
      19
      11
      14
      12
      14
      11
      16
      27
      16
      15
      13
      16
      12
      15
      15
      21
      21
      16
      14
      15
      16
      13
      19
      15
      12
      21
      17
      11
      15
      18
      18
      15
      15
      13
      13
       9
      13
      14
      17
       9
      17
      16
      16
      22
      13
      16
       7
      14
      13
      14
      15
      16
       9
       6
      11
      21
       8
      11
      19
       8
      13
      10
      16
      11
      12
      12
      22
      17
      17
      12
      19
       6
      13
       9
      13
      12
      15
      18
       7
       8
      13
      19
      18
      14
      14
      24
      13
      18
      11
      13
      14
      15
      10
      14
      17
      13
      14
      15
      12
       8
      11
      10
      21
       8
      12
      14
       8
      12
      18
      12
       7
       9
      11
      13
      20
      13
       4
      13
       5
       3
       9
      18
      14
      13
      12
       9
      17
       6
      20
      13
      11
      12
       9
      12
      10
      11
       9
       9
      10
      18
      14
      10
      10
      10
       7
       9
      17
      11
      14
      19
      12
       8
       7
      16
       8
      16
      13
      12
       9
      11
      18
      14
      18
       9
      15
      17
       7
      21
      17
       9
      12
      13
      11
       8
      11
       6
      12
      14
      10
      10
      13
      20
      13
      10
       9
      13
      10
       9
      13
      12
       6
      14
       8
      10
       7
       9
       6
      12
      14
      14
       7
       9
      13
       6
       8
      12
      12
       9
       8
      10
      12
       6
       6
       4
      14
       8
      12
       5
      11
      10
       8
       8
       6
      13
      12
       8
       8
      12
      14
      12
       8
      11
       7
       8
      10
       6
       7
      11
      13
       4
       7
      13
       7
       7
       8
      12
       8
      11
      11
      11
       6
       9
       9
       7
       9
       6
      15
       5
      10
       7
       9
       6
      12
       9
       8
       7
       7
      11
       9
       3
      11
       9
      12
       7
       6
       4
       8
       9
      13
       8
       7
       8
       2
       9
       7
       3
      12
       8
       5
      12
      11
      10
      14
      10
       6
       4
       7
       3
       5
       6
       3
      10
       9
      10
       6
       8
       7
       8
      10
      12
       8
       2
      10
       8
      11
       5
       7
       4
       5
       6
       8
      14
       6
       6
      11
      12
       6
       8
       5
       6
       4
      12
      10
      10
       6
      14
       4
      10
       9
      11
      10
       7
       5
      10
       9
      12
       6
      12
       7
       5
       6
       4
      11
      12
       7
      10
       9
       5
       5
       7
       9
      12
       7
      14
       5
      12
       8
       4
       7
       5
       9
       9
       9
       6
       5
       8
       5
       9
       5
       5
      11
       5
       7
      16
       8
      10
      15
      13
       7
       6
       5
       8
      10
       6
       3
       5
       6
      11
       7
       9
      13
       6
       5
       8
       0
       5
       9
       9
       7
       4
       9
      14
       8
       4
      11
      10
       9
      13
       9
       7
       8
       7
       7
       7
      13
      12
      11
       7
      11
      10
      11
      11
       9
      13
       4
       5
       9
       6
       4
      11
      10
      12
       7
      12
       8
       8
       7
      11
      11
       7
      11
       4
       9
      10
      10
       8
      12
      10
      10
       9
       9
       9
       5
       7
       8
       8
       3
       5
       9
       4
      12
      13
       7
       9
       8
       7
      12
       6
      10
       6
      10
       4
       7
       4
      11
       9
       7
       4
       4
       7
       9
      11
       6
       8
       7
       9
       1
       8
       6
       7
       6
       5
       9
       5
      10
       5
       5
       9
       2
       6
       5
       7
      11
       4
       1
       4
       2
       6
       6
       4
       8
       7
       4
       4
       6
       3
       5
       8
       8
       4
       7
       9
       5
       4
       5
       4
       4
       5
       8
       2
       7
       4
       6
       7
       5
       4
       4
       9
       5
       2
       5
       6
       2
       1
       3
       5
       4
       9
       7
       6
       4
       9
       5
       9
       6
       5
       7
       6
       4
       8
       1
       5
       3
       5
       6
       7
       7
       4
       6
       4
       8
       5
       5
       8
       8
       3
      11
       1
       6
       7
       5
       6
       4
       6
       5
       5
       8
       3
       6
       7
       2
       4
       6
       8
       7
       5
       4
       7
       5
       5
       4
       7
       5
       9
       6
       8
       7
       7
       9
       8
       3
       4
       7
       8
       4
       8
      12
       8
       7
      11
       5
       8
      13
       6
       9
       5
       3
      10
       9
      14
       5
      11
       7
      13
      18
      17
      12
      16
      18
      16
      22
      16
      13
      15
      16
      16
      20
      16
       5
      18
      13
      11
      13
      22
      18
      27
      11
      10
      18
      18
      18
      12
      16
      16
      11
      13
      10
      17
       6
      14
      12
      11
      15
      11
      13
      12
      14
      12
      10
      10
      11
       3
       7
       8
       2
       5
       4
       5
       8
       3
       5
       3
       6
       6
       8
       2
       2
       4
       3
       5
       2
       5
       4
       3
       7
       2
       2
       2
       6
       5
       7
       3
       3
       3
       6
       6
       4
       3
       5
       4
       5
       4
       9
      13
       7
       7
       4
       4
       9
       8
      10
       9
       5
       8
      13
      13
      21
      15
      13
      16
      16
      12
      18
      11
      17
      13
       9
       8
      15
      18
      16
      22
      13
      18
      17
       9
      11
      22
      15
      17
      17
       7
       8
      10
      12
      12
      10
       3
       6
       9
       4
       6
      11
       5
       4
       6
       9
       5
       5
       6
       6
       8
       4
       8
       8
       6
       4
       3
       3
      10
       4
      10
       8
       3
       7
      14
      10
       9
      13
       5
      11
       9
      11
      10
      14
      11
      10
      10
      10
      12
      10
      13
      16
      11
      10
      10
       7
      12
      13
       8
       8
       3
       8
       4
       7
      10
       4
       6
       7
       2
       2
       3
       1
       3
       2
       4
       3
       3
       4
       3
       2
       1
       3
       2
       1
       2
       1
       2
       1
       1
       4
       2
       0
       2
       2
       3
       2
       3
       3
       5
       1
       2
       1
       0
       1
       3
       1
       2
       0
       1
       1
       0
       0
       0
       2
       4
       2
       1
       0
       3
       0
       1
       3
       1
       1
       3
       0
       0
       1
       1
       2
       2
       0
       2
       0
       2
       0
       1
       1
       2
       1
       1
       2
       0
       2
       1
       1
       1
       1
       1
       2
       2
       1
       0
       1
       0
       4
       2
       1
       4
       0
       1
       3
       1
       2
       1
       2
       2
       4
       0
       1
       0
       0
       2
       1
       1
       2
       1
       1
       0
       2
       0
       0
       1
       2
       2
       1
       2
       4
       1
       0
       1
       1
       1
       0
       1
       0
       2
       1
       7
       0
       1
       0
       0
       0
       0
       0
       0
       1
       1
       1
       0
       1
       0
       0
       0
       1
       0
       0
       1
       0
       0
       1
       0
       1
       1
       0
       1
       1
       1
       0
       0
       2
       0
       0
       0
       1
       1
       1
       2
       0
       1
       0
       0
       2
       0
       0
       1
       0
       0
       0
       2
       4
       1
       0
       1
       2
       0
       0
       2
       2
       1
       2
       1
       0
       2
       2
       0
       1
       0
       0
       1
       1
       2
       0
       2
       2
       1
       3
       0
       0
       4
       2
       2
       2
       1
       1
       3
       2
       0
       2
       1
       2
       1
       1
       1
       0
       2
       1
       2
       1
       0
       0
       2
       0
       1
       1
       3
       0
       2
       2
       0
       2
       1
       1
       0
       0
       2
       0
       0
       0
       2
       0
       0
       2
       2
       2
       0
       1
       1
       1
       0
       0
       0
       0
       1
       0
       0
       0
       0
       0
       1
       1
       1
       0
       0
       2
       2
       0
       1
       1
       2
       0
       1
       0
       1
       0
       1
       2
       0
       1
       2
       2
       4
       4
       0
       3
       1
       2
       0
       1
       0
       2
       1
       2
       2
       0
       1
       0
       0
       0
       0
       0
       0
       0
       0
       0
       0
       0
       1
       0
       0
       0
       0
       0
       0
       0
       0
       0
       0
       0
       0
       0
       0
       0
       0
       0
       0
       0
       0
       0
       0
       1
       0
       0
       0
       0
       0
       1
       0
       0
       0
       0
       1
       0
       0
       0
       0
       0
       0
       0
       1
       0
       0
       0
       0
       0
       0
       0
       0
       0
       0
       0
       0
       0
       0
       0
       0
       0
       0
       0
       0
       0
       0
       0
       0
       0
       0
       0
       0
       0
       0
       0
       0
       0
       0
       0
       0
       0
       0
       0
       0
       0
       0
       0
       0
       0
       0
       0
       0
       0
       0
       0
       0
       0
       0
       0
       0
       0
       1
       0
       0
       0
       0
       1
       0
       0
       0
       0
       0
       0
       0
       0
       0
       0
       0
       0
       0
       0
       0
       0
       0
       0
       0
       0
       0
       0
       0
       1
       0
       0
       0
       0
       0
       0
       0
       0
       1
       0
       0
       0
       0
       0
       0
       1
       0
       0
       0
       1
       0
       0
       0
       0
       0
       0
       0
       0
       1
       0
       0
       0
       0
       0
       0
       0
       0
       0
       0
       0
       0
       0
       0
       0
       0
       0
       0
       0
       0
       0
       0
       0
       0
       0
       0
       0
       0
       0
       0
       0
       0
       0
       0
       0
       0
       0
       0
       0
       0
       0
       0
       0
       0
       0
       0
       0
       0
       0
       0
       0
       0
       0
       0
       0
       1
       0
       1
       0
       0
       0
       0
       0
       0
       0
       0
       2
       0
       0
       0
       0
       0
       0
       0
       0
       0
       1
       0
       1
       0
       0
       0
       0
       1
       0
       0
       0
       0
       0
       1
       0
       0
       0
       0
       1
       0
       0
       0
       0
       0
       0
       0
       0
       0
       0
       1
       1
       1
       0
       0
       0
       1
       0
       1
       1
       2
       0
       0
       0
       0
       0
       1
       0
       0
       0
       0
       0
       0
       0
       0
       0
       0
       0
       0
       0
       2
       0
       0
       0
       1
       1
       0
       0
       0
       0
       0
       0
       0
       0
       0
       1
       0
       0
       0
       0
       0
       0
       0
       0
       0
       0
       1
       0
       1
       0
       0
       0
       0
       1
       0
       0
       0
       0
       0
       0
       0
       0
       0
       1
       1
       0
       1
       0
       0
       1
       1
       1
       0
       0
       0
       0
       1
       0
       0
       1
       1
       1
       2
       0
       1
       0
       0
       0
       2
       2
       0
       0
       1
       0
       0
       0
       1
       1
       1
       0
       2
       2
       0
       1
       2
       1
       5
       1
       1
       1
       3
       3
       7
       1
       0
       2
       4
       2
       2
       2
       2
       2
       2
       2
       1
       1
       1
       0
       0
       0
       1
       0
       0
       0
       0
       0
       0
       0
       2
       0
       0
       0
       0
       0
       0
       0
       0
       0
       0
       0
       0
       0
       0
       0
       0
       0
       0
       0
       0
       0
       0
       0
       0
       0
       0
       0
       0
       0
       0
       0
       0
       0
       0
       0
       0
       0
       0
       0
       0
       0
       0
       0
       0
       0
       0
       0
       0
       0
       0
       0
       0
       0
       0
       0
       0
       0
       0
       0
       0
       0
       0
       0
       0
       0
       0
       0
       0
       0
       0
       0
$ROI:
2
1187 1249
1900 1991
$PRESETS:
None
0
0
$ENER_FIT:
0.000000 1.000000
$MCA_CAL:
3
0.000000E+000 1.000000E+000 0.000000E+000 keV
$SHAPE_CAL:
3
1.000000E+000 0.000000E+000 0.000000E+000
