$SPEC_ID:
Test collimated
$SPEC_REM:
DET# 4
DETDESC# PHY-NUCLAB MCB 129
AP# Maestro Version 7.01
$DATE_MEA:
02/21/2023 10:05:00
$MEAS_TIM:
128 133
$DATA:
0 2047
       0
       0
       0
       0
       0
       0
       0
       0
       0
       0
       0
       2
       0
       0
       0
       0
       0
       2
       4
    7705
   18064
   10129
    5417
    2885
    1674
     844
     587
     423
     377
     329
     347
     344
     315
     379
     339
     384
     393
     393
     428
     445
     508
     530
     613
     595
     621
     641
     675
     678
     698
     724
     735
     753
     736
     681
     719
     782
     690
     703
     785
     727
     791
     906
     973
     985
    1145
    1268
    1496
    1633
    1912
    2118
    2414
    2879
    3163
    3532
    3844
    4356
    4646
    4934
    5091
    5342
    5498
    5533
    5329
    5356
    5163
    4857
    4534
    4198
    3881
    3527
    3236
    3082
    2642
    2376
    2166
    1976
    1770
    1542
    1276
    1166
     934
     871
     772
     653
     593
     497
     531
     475
     384
     386
     385
     308
     366
     322
     346
     347
     338
     311
     318
     312
     343
     342
     342
     328
     349
     300
     283
     325
     334
     335
     322
     350
     316
     353
     328
     321
     348
     357
     321
     316
     333
     327
     347
     316
     340
     349
     311
     345
     318
     358
     339
     344
     329
     312
     308
     335
     331
     351
     341
     344
     336
     335
     327
     367
     324
     330
     353
     338
     358
     376
     348
     336
     374
     347
     367
     391
     387
     354
     406
     393
     410
     401
     399
     382
     408
     397
     424
     420
     398
     405
     379
     413
     398
     410
     396
     391
     386
     362
     397
     412
     416
     366
     370
     392
     365
     408
     382
     363
     405
     359
     369
     388
     393
     368
     373
     347
     364
     337
     351
     350
     349
     384
     341
     372
     371
     328
     338
     315
     338
     331
     308
     330
     318
     336
     308
     312
     299
     302
     305
     305
     293
     300
     317
     285
     271
     317
     292
     292
     330
     301
     295
     279
     280
     284
     266
     275
     281
     248
     270
     273
     300
     268
     260
     268
     249
     277
     282
     305
     237
     249
     259
     272
     256
     259
     268
     264
     262
     255
     273
     273
     258
     239
     255
     232
     244
     264
     256
     240
     240
     243
     224
     212
     232
     260
     243
     226
     238
     257
     236
     252
     225
     217
     264
     249
     231
     222
     257
     225
     222
     256
     232
     231
     218
     220
     230
     216
     226
     229
     219
     211
     253
     251
     231
     251
     267
     231
     216
     259
     227
     245
     234
     256
     243
     224
     238
     233
     245
     220
     281
     251
     266
     230
     226
     245
     246
     233
     235
     225
     254
     226
     221
     246
     240
     218
     228
     225
     198
     206
     200
     215
     247
     213
     194
     214
     211
     183
     209
     178
     194
     212
     202
     208
     175
     182
     182
     170
     184
     178
     150
     145
     153
     145
     137
     148
     161
     147
     161
     158
     160
     121
     157
     128
     146
     125
     145
     124
     136
     133
     128
     115
     130
     113
     129
     124
     123
     114
     114
     137
     116
     125
     102
     123
     119
     125
     117
     115
     101
     103
     120
      95
     100
     106
     128
     113
      98
     113
     111
     105
     107
     125
     114
      99
     122
     104
      88
     103
      80
      91
     109
      92
     105
     112
     116
     102
      94
     102
      93
     101
     103
      95
      94
     101
     102
      91
      85
      96
      86
     111
      98
     104
      90
      94
     106
     104
     106
      96
      93
     105
      97
     105
      96
     103
     105
      87
     105
     105
      92
     101
      89
     100
     100
     113
     102
     102
     101
     115
     112
     111
      97
     108
     131
     105
     121
     119
     126
     132
     112
     124
     136
     123
     159
     123
     151
     157
     172
     170
     172
     204
     231
     203
     219
     229
     265
     251
     292
     320
     351
     358
     397
     392
     473
     508
     492
     531
     609
     637
     632
     701
     692
     768
     794
     855
     840
     945
     943
     936
     988
     996
    1058
    1078
    1088
    1102
    1111
    1197
    1105
    1114
    1159
    1147
    1138
    1108
    1068
    1059
    1042
    1066
    1015
     978
     911
     866
     826
     839
     817
     747
     722
     672
     613
     603
     549
     492
     476
     423
     382
     393
     359
     328
     287
     256
     240
     237
     227
     204
     202
     184
     167
     134
     145
     148
     106
     130
     113
      96
     105
      89
      77
      79
      78
      65
      95
      72
      77
      67
      80
      90
      84
      75
      68
      89
      77
      78
      80
      70
      65
      63
      68
      79
      77
      77
      69
      72
      80
      71
      73
      83
      91
      76
      76
      86
      66
      87
      71
      81
      71
      78
      84
      82
      71
      78
      80
      68
      76
      76
      68
      79
      82
      65
      66
      54
      77
      65
      77
      73
      81
      57
      67
      82
      70
      70
      61
      59
      54
      70
      75
      79
      73
      75
      81
      63
      66
      88
      67
      81
      58
      71
      69
      86
      78
      77
      73
      69
      60
      56
      83
      65
      75
      77
      67
      69
      64
      70
      80
      57
      80
      75
      67
      77
      72
      73
      82
      72
      80
      63
      79
      74
      76
      61
      68
      69
      70
      76
      75
      88
      74
      79
      62
      71
      91
      79
      77
      86
      67
      67
      80
      66
      73
      74
      82
      79
      91
      71
      65
      73
      80
      82
      70
      84
      96
      74
      67
      72
      86
      85
      74
      89
      94
      77
      95
      95
      76
      79
      85
      81
      95
      74
      71
      68
      81
      77
      91
      97
      80
      79
      74
      72
      81
      71
      71
      67
      81
      74
      78
      70
      71
      71
      55
      46
      81
      64
      77
      63
      56
      63
      70
      64
      54
      59
      85
      50
      74
      73
      62
      53
      57
      59
      46
      48
      72
      38
      52
      45
      47
      40
      37
      34
      61
      59
      41
      55
      39
      51
      40
      33
      41
      40
      45
      38
      44
      42
      37
      37
      38
      37
      39
      28
      25
      34
      31
      30
      31
      47
      35
      18
      30
      26
      22
      26
      31
      20
      25
      24
      30
      25
      25
      21
      33
      24
      23
      24
      29
      21
      14
      27
      17
      26
      27
      28
      24
      26
      21
      24
      23
      22
      22
      16
      18
      24
      23
      27
      22
      15
      17
      19
      14
      15
      19
      10
      25
      11
      15
      14
      11
      22
      21
      23
      22
      15
      23
       9
      15
      19
      15
      16
      19
      15
      16
      14
      14
      11
      19
      15
      15
      14
      13
      17
      17
      12
      19
      14
      15
      11
      18
      12
      17
      14
      15
      15
       8
      19
      14
      11
      17
      16
      13
      17
      10
      18
      13
      17
      19
      19
      22
      21
      18
      24
      19
      24
      20
      26
      29
      35
      33
      36
      24
      25
      41
      39
      42
      43
      55
      52
      49
      61
      61
      70
      66
      60
      69
      73
      97
      97
     106
     109
     116
     126
     133
     135
     152
     164
     156
     173
     168
     163
     221
     233
     205
     230
     202
     259
     274
     251
     262
     284
     305
     279
     317
     334
     314
     331
     340
     344
     323
     329
     365
     355
     342
     364
     329
     328
     350
     344
     386
     326
     318
     308
     311
     293
     297
     288
     283
     288
     261
     262
     199
     251
     194
     210
     202
     172
     168
     166
     171
     142
     144
     119
     112
     127
     115
      97
      93
      83
      76
      60
      54
      62
      59
      49
      38
      47
      24
      28
      25
      30
      22
      20
      15
      25
      20
      18
      19
      19
      15
      16
      20
      15
      18
      11
      13
       6
       6
      12
      15
       8
      13
      12
      11
      13
      10
      15
      14
       9
      12
       9
      11
      15
       7
      11
      10
      21
      20
       7
      11
      17
      16
       9
       7
      14
       5
      12
      16
      13
      11
      11
      10
      17
      13
      12
      12
      11
      13
       8
      15
       5
       9
      12
      13
      10
       9
      12
      15
      11
      18
      18
       6
      15
      16
      11
      16
      10
      10
      12
      14
      15
      12
       7
      17
       9
       9
      16
      10
       7
       6
      12
       7
      12
       8
      12
      13
      13
      12
      10
      21
      14
       8
       9
       8
       8
      16
      15
      15
      12
      11
      10
      14
      17
      10
      15
      12
      14
      11
      13
      14
      13
      11
      12
       6
       4
      12
       7
      14
       7
      13
      16
      10
      14
      13
      15
       5
      19
      10
       4
      18
       8
      17
       7
       8
      19
      20
      11
      17
      11
      10
      10
       8
       9
      14
      14
      18
      10
      13
      11
      18
      19
      10
      21
      20
      14
      11
      20
      17
      12
      20
      20
      15
      17
      18
      26
      15
      18
      15
      12
      18
      27
      23
      22
      26
      22
      23
      18
      18
      20
      21
      17
      16
      16
      18
      15
      21
      15
      12
      14
      25
      10
      17
      11
      14
       8
      11
       4
      12
      15
      13
      15
      13
       6
       7
      11
       4
       6
       9
      13
       7
       5
       5
       6
       8
       8
       7
      11
       3
       6
       3
       9
       6
      10
       9
       7
       4
       5
       4
       7
       7
       9
       5
       4
       6
      11
       3
       8
       5
       6
      12
       8
       3
       7
      13
       9
      11
      15
       7
       6
       8
       9
      11
       8
       6
       7
      10
      10
      15
       7
      10
       8
      11
      14
      14
      12
      11
      12
      17
      11
      17
      10
       6
      22
      20
      18
      15
      20
      20
      18
      23
      16
      22
      33
      30
      23
      35
      30
      35
      38
      33
      27
      43
      30
      33
      37
      26
      30
      39
      23
      23
      29
      21
      16
      31
      17
      10
      12
      14
       6
      12
      10
       9
       4
      10
       7
       8
       2
       2
       6
       4
       3
       3
       1
       3
       1
       1
       0
       0
       3
       2
       0
       1
       1
       2
       1
       6
       0
       0
       1
       2
       0
       1
       3
       1
       4
       0
       2
       1
       1
       0
       1
       1
       0
       1
       1
       0
       1
       0
       2
       2
       1
       1
       1
       3
       1
       0
       0
       1
       2
       0
       1
       2
       0
       0
       0
       0
       1
       4
       2
       1
       1
       0
       2
       1
       2
       2
       2
       3
       1
       0
       1
       2
       0
       1
       1
       2
       5
       2
       3
       0
       2
       0
       1
       1
       1
       2
       1
       2
       2
       2
       1
       3
       0
       0
       1
       1
       1
       0
       2
       1
       1
       0
       0
       1
       0
       1
       0
       0
       0
       0
       0
       1
       3
       0
       2
       2
       1
       2
       2
       1
       3
       3
       2
       1
       1
       2
       0
       1
       1
       0
       0
       2
       0
       0
       0
       2
       1
       0
       0
       0
       2
       1
       0
       0
       0
       2
       0
       0
       0
       2
       0
       1
       1
       0
       0
       0
       2
       1
       4
       2
       2
       0
       2
       1
       1
       2
       2
       1
       1
       2
       1
       0
       1
       0
       2
       1
       1
       1
       0
       1
       0
       2
       0
       0
       0
       0
       0
       0
       0
       0
       0
       0
       1
       0
       0
       0
       0
       1
       0
       0
       1
       0
       0
       0
       1
       0
       0
       0
       0
       0
       0
       0
       0
       0
       0
       0
       1
       0
       0
       1
       0
       0
       1
       0
       0
       0
       1
       0
       0
       0
       0
       0
       0
       0
       0
       0
       1
       0
       0
       0
       0
       0
       0
       0
       0
       0
       0
       0
       0
       0
       0
       0
       0
       0
       0
       0
       0
       0
       1
       0
       0
       0
       0
       0
       0
       0
       1
       0
       0
       0
       0
       0
       0
       0
       0
       0
       0
       0
       0
       0
       0
       0
       0
       0
       0
       0
       0
       0
       0
       0
       0
       1
       0
       0
       0
       0
       0
       0
       0
       0
       0
       0
       0
       0
       0
       0
       0
       0
       0
       0
       0
       0
       0
       0
       0
       1
       0
       0
       0
       0
       0
       0
       0
       0
       0
       1
       0
       0
       1
       0
       0
       0
       0
       0
       0
       0
       0
       0
       0
       0
       0
       0
       1
       0
       0
       0
       0
       0
       0
       0
       0
       0
       0
       0
       0
       0
       0
       0
       0
       0
       0
       0
       0
       1
       0
       0
       0
       0
       0
       0
       0
       0
       0
       0
       0
       0
       0
       0
       0
       0
       0
       0
       0
       0
       0
       0
       0
       0
       0
       0
       0
       0
       0
       1
       0
       0
       1
       0
       1
       0
       0
       0
       0
       0
       0
       0
       0
       0
       0
       0
       0
       0
       0
       0
       0
       0
       0
       0
       0
       0
       0
       0
       0
       0
       0
       0
       0
       0
       0
       0
       0
       0
       0
       0
       0
       0
       1
       0
       0
       0
       0
       0
       0
       0
       0
       1
       0
       0
       0
       0
       0
       1
       0
       0
       0
       0
       0
       0
       0
       0
       0
       0
       0
       0
       0
       0
       0
       0
       0
       0
       0
       0
       0
       0
       0
       0
       0
       0
       0
       0
       0
       0
       0
       0
       0
       0
       0
       0
       0
       0
       0
       1
       0
       1
       0
       0
       0
       0
       0
       0
       0
       0
       1
       0
       0
       0
       0
       0
       0
       0
       0
       0
       0
       0
       0
       0
       0
       1
       0
       0
       0
       0
       0
       0
       0
       1
       0
       0
       0
       0
       0
       0
       0
       0
       0
       0
       0
       1
       0
       0
       0
       0
       0
       0
       0
       1
       0
       0
       0
       0
       0
       0
       0
       1
       0
       1
       0
       2
       1
       0
       0
       1
       5
       0
       0
       0
       0
       0
       0
       1
       1
       0
       2
       1
       1
       2
       2
       5
       2
       1
       0
       2
       4
       1
       0
       2
       0
       0
       3
       5
       1
       0
       1
       0
       1
       1
       1
       1
       0
       0
       0
       0
       0
       0
       0
       0
       0
       0
       0
       0
       0
       0
       0
       0
       0
       0
       0
       0
       0
       0
       0
       0
       0
       0
       0
       0
       0
       0
       0
       0
       0
       0
       0
       0
       0
       0
       0
       0
       0
       0
       0
       0
       0
       0
       0
       0
       0
       0
       0
       0
       0
       0
       0
       0
       0
       0
       0
       0
       0
       0
       0
       0
       0
       0
       0
       0
       0
       0
       0
       0
       0
       0
       0
       0
       0
       0
       0
       0
       0
$ROI:
4
471 611
902 1071
1295 1379
1900 1984
$PRESETS:
None
0
0
$ENER_FIT:
0.000000 1.000000
$MCA_CAL:
3
0.000000E+000 1.000000E+000 0.000000E+000 keV
$SHAPE_CAL:
3
1.000000E+000 0.000000E+000 0.000000E+000
